39,35
3,2
3,1
3,3
10,223
10,105
10,99
10,203
10,77
10,117
10,208
10,131
10,2
10,3
11,5
11,10
11,13
11,2
11,3
9,5
9,1
9,7
36,7
36,6
36,5
36,4
36,3
9,2
36,2
9,3
36,1
36,0
35,5
35,4
35,3
35,2
35,1
34,100
34,99
34,98
34,97
34,96
34,95
34,94
34,93
34,92
34,91
34,90
34,89
34,88
8,16
34,87
34,86
34,85
34,84
34,83
8,17
34,82
34,81
34,80
34,79
34,78
8,2
34,77
34,76
8,3
34,75
34,74
34,73
34,72
34,8
34,7
34,6
34,5
34,4
34,3
34,2
34,1
34,0
32,5
32,4
32,3
32,1
31,4
31,3
31,1
30,4
30,3
30,1
29,5
29,4
29,3
29,1
28,5
28,3
28,1
27,4
27,3
27,1
26,5
26,4
26,3
26,1
25,4
25,3
25,1
20,3
20,2
20,1
19,3
19,2
19,1
14,4
12,3
12,2
12,1
11,30
11,29
